function xo = default_IC_vitro()

% Setting the initial values of model variables for in vitro simulation of
% LaNoue et al.'s and Bose et al.'s experiments

xo = [5.7919e-008
 -1.4087e+002 
  1.0250e-011
  1.0000e-002
  1.0000e-006
  2.7157e-010
  5.0000e-003
  2.9918e-004
  8.4842e-021
            0
  8.9236e-004
  2.5507e-012
  6.8151e-005
  9.3558e-007
  4.7979e-011
  6.9627e-010
  3.0107e-003
  2.1681e-007
  7.8476e-009
  3.2191e-008
  9.9311e-012
  1.0217e-004
  8.6878e-002
  4.6388e-003
  6.5000e-005
  2.1400e-002
  9.6996e-008
  1.0000e-009
  1.0000e-009
  1.0000e-009
  1.1574e-004
  1.0000e-007
  5.0000e-003
  1.5000e-001
  1.0000e-009
  1.0000e-009
  1.1574e-004
  1.0000e-007
  5.0000e-003
  1.5000e-001
  1.2076e-011
  9.1804e-010
  1.0000e-009
  1.0000e-009
  1.0000e-009
  9.9995e-010
  1.0000e-009
  1.0000e-009
  1.0000e-009
  1.0001e-009
  1.0000e-009
  4.4404e-009
  4.4404e-009
  5.7539e-012
  5.7540e-012
  1.0000e-009
  1.0000e-009
  1.0000e-009
  1.0000e-009
  1.0000e-009
  1.0000e-009
  1.0000e-009
  1.0000e-009];




